121 1 0 12
2.5853e-12 
3.2547e-12 
4.0973e-12 
5.1579e-12 
6.4905e-12 
8.1582e-12 
1.0239e-11 
1.2819e-11 
1.6017e-11 
1.9972e-11 
2.492e-11 
3.0926e-11 
3.8434e-11 
4.7752e-11 
5.9328e-11 
7.3728e-11 
9.1659e-11 
1.1401e-10 
1.4188e-10 
1.7668e-10 
2.2013e-10 
2.744e-10 
3.4222e-10 
4.2696e-10 
5.3284e-10 
6.6504e-10 
8.3e-10 
1.0356e-09 
1.2916e-09 
1.6098e-09 
2.0042e-09 
2.492e-09 
3.0933e-09 
3.8316e-09 
4.7341e-09 
5.8318e-09 
7.159e-09 
8.754e-09 
1.0658e-08 
1.2914e-08 
1.5569e-08 
1.8671e-08 
2.2269e-08 
2.6396e-08 
3.1142e-08 
3.6548e-08 
4.2676e-08 
4.9592e-08 
5.7372e-08 
6.6098e-08 
7.5861e-08 
8.6766e-08 
9.8927e-08 
1.1247e-07 
1.2753e-07 
1.4428e-07 
1.6287e-07 
1.8344e-07 
2.063e-07 
2.316e-07 
2.596e-07 
2.9055e-07 
3.2472e-07 
3.6243e-07 
4.0416e-07 
4.4995e-07 
5.0032e-07 
5.5566e-07 
6.1643e-07 
6.8309e-07 
7.5613e-07 
8.3611e-07 
9.2358e-07 
1.0192e-06 
1.1236e-06 
1.2374e-06 
1.3616e-06 
1.4963e-06 
1.6434e-06 
1.8034e-06 
1.9774e-06 
2.1663e-06 
2.3715e-06 
2.5941e-06 
2.8356e-06 
3.0973e-06 
3.381e-06 
3.6884e-06 
4.0213e-06 
4.3818e-06 
4.772e-06 
5.1945e-06 
5.6516e-06 
6.1464e-06 
6.6817e-06 
7.2647e-06 
7.8912e-06 
8.5655e-06 
9.2989e-06 
1.0092e-05 
1.0951e-05 
1.1879e-05 
1.2884e-05 
1.397e-05 
1.5146e-05 
1.6417e-05 
1.7793e-05 
1.9282e-05 
2.0892e-05 
2.2634e-05 
2.4519e-05 
2.6558e-05 
2.8773e-05 
3.1161e-05 
3.3745e-05 
3.654e-05 
3.9566e-05 
4.284e-05 
4.6381e-05 
5.0216e-05 
5.4364e-05 
