121 1 0 12
3.7451e-12 
4.7148e-12 
5.9355e-12 
7.4722e-12 
9.4067e-12 
1.1841e-11 
1.4902e-11 
1.8743e-11 
2.3555e-11 
2.9573e-11 
3.7158e-11 
4.6466e-11 
5.8158e-11 
7.2747e-11 
9.0956e-11 
1.137e-10 
1.4215e-10 
1.7777e-10 
2.2244e-10 
2.7849e-10 
3.4892e-10 
4.3751e-10 
5.49e-10 
6.894e-10 
8.6625e-10 
1.089e-09 
1.3696e-09 
1.7228e-09 
2.167e-09 
2.7253e-09 
3.4255e-09 
4.3027e-09 
5.3986e-09 
6.7642e-09 
8.4602e-09 
1.0559e-08 
1.3145e-08 
1.6316e-08 
2.0184e-08 
2.4873e-08 
3.0525e-08 
3.729e-08 
4.5281e-08 
5.4782e-08 
6.5928e-08 
7.8918e-08 
9.3957e-08 
1.1127e-07 
1.3108e-07 
1.5363e-07 
1.7919e-07 
2.0801e-07 
2.4041e-07 
2.767e-07 
3.1721e-07 
3.6233e-07 
4.1236e-07 
4.6792e-07 
5.2943e-07 
5.9738e-07 
6.7238e-07 
7.5503e-07 
8.46e-07 
9.4604e-07 
1.0559e-06 
1.1769e-06 
1.3092e-06 
1.454e-06 
1.6125e-06 
1.7859e-06 
1.9753e-06 
2.1821e-06 
2.4077e-06 
2.6536e-06 
2.9214e-06 
3.2129e-06 
3.5291e-06 
3.8737e-06 
4.2479e-06 
4.6543e-06 
5.0952e-06 
5.5734e-06 
6.0917e-06 
6.6533e-06 
7.2616e-06 
7.9202e-06 
8.6331e-06 
9.4046e-06 
1.0239e-05 
1.1142e-05 
1.2119e-05 
1.3175e-05 
1.4317e-05 
1.5552e-05 
1.6896e-05 
1.834e-05 
1.9892e-05 
2.158e-05 
2.3404e-05 
2.5377e-05 
2.7509e-05 
2.9815e-05 
3.2307e-05 
3.5002e-05 
3.7916e-05 
4.1066e-05 
4.4472e-05 
4.8154e-05 
5.2137e-05 
5.6442e-05 
6.1098e-05 
6.6133e-05 
7.1577e-05 
7.7479e-05 
8.3849e-05 
9.0733e-05 
9.8181e-05 
0.00010624 
0.00011494 
0.00012437 
0.00013456 
