121 1 0 12
1.3367e-12 
1.6828e-12 
2.1185e-12 
2.6669e-12 
3.3571e-12 
4.2248e-12 
5.3141e-12 
6.6779e-12 
8.3833e-12 
1.0512e-11 
1.3192e-11 
1.6474e-11 
2.0595e-11 
2.5733e-11 
3.2142e-11 
4.0146e-11 
5.015e-11 
6.2671e-11 
7.836e-11 
9.8035e-11 
1.2274e-10 
1.5377e-10 
1.9278e-10 
2.4185e-10 
3.0359e-10 
3.8125e-10 
4.7894e-10 
6.0179e-10 
7.5613e-10 
9.4988e-10 
1.1927e-09 
1.4968e-09 
1.8765e-09 
2.3497e-09 
2.9376e-09 
3.6656e-09 
4.5635e-09 
5.6662e-09 
7.0135e-09 
8.6513e-09 
1.063e-08 
1.3007e-08 
1.5844e-08 
1.9183e-08 
2.3145e-08 
2.7782e-08 
3.3176e-08 
3.9414e-08 
4.6585e-08 
5.4787e-08 
6.4122e-08 
7.47e-08 
8.6639e-08 
1.0006e-07 
1.1511e-07 
1.3193e-07 
1.5069e-07 
1.7151e-07 
1.9467e-07 
2.2034e-07 
2.4876e-07 
2.8015e-07 
3.1481e-07 
3.5301e-07 
3.9525e-07 
4.4154e-07 
4.9242e-07 
5.4826e-07 
6.0952e-07 
6.7665e-07 
7.5015e-07 
8.3057e-07 
9.1845e-07 
1.0144e-06 
1.1192e-06 
1.2334e-06 
1.3579e-06 
1.4929e-06 
1.6403e-06 
1.8006e-06 
1.9748e-06 
2.164e-06 
2.3693e-06 
2.5921e-06 
2.8338e-06 
3.0957e-06 
3.3795e-06 
3.6871e-06 
4.0201e-06 
4.3807e-06 
4.771e-06 
5.1936e-06 
5.6508e-06 
6.1456e-06 
6.681e-06 
7.2641e-06 
7.8907e-06 
8.565e-06 
9.2985e-06 
1.0092e-05 
1.095e-05 
1.1879e-05 
1.2883e-05 
1.397e-05 
1.5146e-05 
1.6417e-05 
1.7793e-05 
1.9281e-05 
2.0892e-05 
2.2634e-05 
2.4519e-05 
2.6558e-05 
2.8773e-05 
3.1161e-05 
3.3745e-05 
3.654e-05 
3.9566e-05 
4.284e-05 
4.6381e-05 
5.0216e-05 
5.4364e-05 
