121 1 0 12
8.3897e-12 
1.0562e-11 
1.3296e-11 
1.6738e-11 
2.1062e-11 
2.6472e-11 
3.3219e-11 
4.1584e-11 
5.1946e-11 
6.4757e-11 
8.0772e-11 
1.0021e-10 
1.2449e-10 
1.5462e-10 
1.9203e-10 
2.3854e-10 
2.9643e-10 
3.6853e-10 
4.5842e-10 
5.7054e-10 
7.1043e-10 
8.851e-10 
1.1031e-09 
1.3753e-09 
1.7148e-09 
2.1382e-09 
2.6656e-09 
3.3216e-09 
4.1361e-09 
5.1452e-09 
6.3916e-09 
7.9265e-09 
9.8086e-09 
1.2106e-08 
1.4895e-08 
1.8262e-08 
2.2299e-08 
2.7106e-08 
3.2789e-08 
3.9457e-08 
4.7224e-08 
5.6205e-08 
6.6485e-08 
7.8255e-08 
9.1617e-08 
1.0671e-07 
1.2369e-07 
1.4273e-07 
1.6402e-07 
1.8778e-07 
2.1423e-07 
2.4366e-07 
2.7636e-07 
3.1265e-07 
3.529e-07 
3.975e-07 
4.4678e-07 
5.0142e-07 
5.6184e-07 
6.2857e-07 
7.0226e-07 
7.8351e-07 
8.7304e-07 
9.7161e-07 
1.08e-06 
1.1995e-06 
1.3303e-06 
1.4737e-06 
1.6309e-06 
1.803e-06 
1.9911e-06 
2.1968e-06 
2.4212e-06 
2.666e-06 
2.9329e-06 
3.2234e-06 
3.5387e-06 
3.8825e-06 
4.256e-06 
4.6617e-06 
5.1019e-06 
5.5795e-06 
6.0973e-06 
6.6583e-06 
7.2662e-06 
7.9244e-06 
8.6369e-06 
9.408e-06 
1.0242e-05 
1.1145e-05 
1.2122e-05 
1.3177e-05 
1.4319e-05 
1.5554e-05 
1.6898e-05 
1.8342e-05 
1.9894e-05 
2.1581e-05 
2.3405e-05 
2.5378e-05 
2.751e-05 
2.9816e-05 
3.2308e-05 
3.5003e-05 
3.7916e-05 
4.1066e-05 
4.4472e-05 
4.8155e-05 
5.2137e-05 
5.6443e-05 
6.1098e-05 
6.6133e-05 
7.1577e-05 
7.748e-05 
8.3849e-05 
9.0733e-05 
9.8181e-05 
0.00010624 
0.00011494 
0.00012437 
0.00013456 
